PC_728_90		728x90
PC_ATF_300_250		300x250
PC_ATF_300_250_2	300x250
PC_BTF_300_250		300x250
PC_BTF_300_250_2	300x250
PC_ATF_300_600		300x600 and 300x250
MOB_320_50		320x50 and 300x250
MOB_ATF_300_250		300x250
MOB_BTF_300_250		300x250
MOB_BTF_300_250_2	300x250


Pricing:
0-$1: 0.5 increments
$1-$5: 0.10 increments
$5-$20: 0.50 increments

Bidders:
adequant
brealtime
aol
pulsepoint
sekindo
springserve
sonobi

0.01
0.05
0.10
0.15
0.20
0.25
0.30
0.35
0.40
0.45
0.50
0.55
0.60
0.65
0.70
0.75
0.80
0.85
0.90
0.95
1.00
1.10
1.20
1.30
1.40
1.50
1.60
1.70
1.80
1.90
2.00
2.10
2.20
2.30
2.40
2.50
2.60
2.70
2.80
2.90
3.00
3.10
3.20
3.30
3.40
3.50
3.60
3.70
3.80
3.90
4.00
4.10
4.20
4.30
4.40
4.50
4.60
4.70
4.80
4.90
5.00
5.50
6.00
6.50
7.00
7.50
8.00
8.50
9.00
9.50
10.00
10.50
11.00
11.50
12.00
12.50
13.00
13.50
14.00
14.50
15.00
15.50
16.00
16.50
17.00
17.50
18.00
18.50
19.00
19.50
20.00

18313071481;18313164361;18313185721;18313185841;18313070761;18313070881;18313071001;18313071361;18313071121;18313071241

300x250
18313071481;18313164361;18313185721;18313185841;18313070881;18313071001;18313071361;18313071121;18313071241

